every conv
r110,ab2:
yes:
       [-4.40948755e-02,  1.01397969e-02,  7.47312466e-03,  7.56640434e-02,
        1.71726313e-03,  4.21397835e-02,  8.80479347e-03,  1.72007859e-01,
       -1.30205061e-02, -4.44992334e-02,  6.83082826e-03,  5.94149157e-02,
       -4.42841137e-03,  7.04577938e-02, -2.69595883e-03, -6.27160817e-02,
       -6.17718208e-04,  5.09979874e-02,  1.45282375e-03,  7.79647157e-02,
       -2.50948011e-03,  5.15987650e-02,  3.78953875e-04,  5.80827147e-02,
        1.85664999e-03, -6.56976998e-02,  2.12666951e-03,  1.93971489e-02,
        1.06257794e-03, -2.02057175e-02,  1.32323918e-03,  1.42019205e-02,
        1.89726357e-04, -1.31752137e-02, -2.18308554e-03,  2.53526829e-02,
       -3.20131332e-03, -4.42906432e-02, -2.24226387e-03,  3.39858234e-03,
        2.02177628e-03,  1.44464020e-02, -8.52762605e-04,  4.05238941e-03,
        4.46486723e-04,  9.59885679e-03, -1.43933948e-03,  9.09551792e-03,
        1.96777773e-03,  2.26089964e-03,  3.69231915e-04, -5.62638231e-03,
        7.85912969e-04,  1.65427178e-02,  2.64955161e-04,  9.94103029e-03,
        5.91243268e-04, -2.94492999e-03,  7.45522906e-04,  6.04069699e-03,
        1.08942542e-04, -2.26528347e-02,  1.13535102e-03,  1.88585073e-02,
        1.98509498e-03, -1.39820427e-02,  6.64731546e-04,  1.44339344e-02,
        9.08720074e-04,  7.41257286e-03, -2.26989505e-03,  6.61505312e-02,
       -2.90558254e-03,  1.06091816e-02, -2.10050523e-04,  1.05570415e-02,
        5.32587641e-04,  1.43930912e-02,  4.90865088e-04,  2.92056403e-03,
       -3.48867849e-04,  8.79109092e-03, -9.17481026e-04,  1.72526557e-02,
       -1.18051935e-03,  1.53704537e-02, -1.19081978e-03,  8.84437002e-03,
       -9.66619758e-04,  1.47705653e-03, -1.82707008e-04,  5.53877512e-03,
       -1.79263449e-03,  4.71506640e-03, -2.15909141e-03,  1.35176512e-03,
       -2.29436345e-03,  4.72423201e-03, -1.78111170e-03,  2.50716228e-03,
       -2.31985236e-03,  3.36479768e-03, -2.76973261e-03, -2.34989380e-03,
       -2.83137523e-03,  3.54756159e-03, -2.45765387e-03, -1.72215253e-02,
        4.61908104e-03]
no:
       [ 3.64180565e-01, -2.41027546e+00,  4.72573471e+00,  7.73077297e+00,
       -1.59476709e+00, -3.91727066e+01, -3.77058871e-02,  1.65134048e+01,
        2.03887880e-01, -1.03068852e+00,  1.88352883e-01,  1.30958767e+01,
        6.09612763e-02,  7.36459637e+00,  1.15907460e-01, -6.69565964e+00,
       -1.63272172e-02,  1.37697496e+01, -6.44895583e-02,  3.99851322e+00,
        4.40920591e-02, -3.74986529e+00,  2.33085714e-02,  9.13682938e+00,
        8.76792446e-02, -2.90996933e+00,  1.29487529e-01, -2.63970375e+00,
        8.47469270e-02, -9.96060944e+00,  1.49531877e-02,  8.09532070e+00,
       -3.03967744e-02, -2.75888538e+00, -3.23057100e-02,  1.35020618e+01,
       -2.70352006e-01,  1.36815004e+01,  5.84702119e-02,  7.54387915e-01,
       -1.07113430e-02,  8.54185045e-01, -1.44385159e-01, -2.04252768e+00,
       -5.37169874e-02,  5.83826244e-01,  8.07308406e-03, -8.64002419e+00,
       -4.40588221e-02, -8.61118507e+00, -4.36195619e-02,  1.44374892e-01,
        3.20571959e-02, -6.18556499e+00, -1.83900148e-02,  6.30549145e+00,
        1.20744500e-02, -9.43104172e+00,  1.45878447e-02, -1.75785333e-01,
        1.87089201e-03, -2.22266054e+00,  7.02169864e-03,  4.84554005e+00,
        2.44411081e-02,  2.06423616e+00,  3.38644832e-02,  1.21996820e+00,
        2.52068006e-02,  1.65272117e+00,  6.45767748e-02,  1.03367424e+01,
       -6.33042455e-02,  4.59671116e+00,  2.76234895e-02,  8.93557608e-01,
        3.92275304e-02,  1.11714959e+00, -1.43533330e-02, -6.13820374e-01,
        3.61227849e-03,  1.84582055e+00, -1.68006830e-02,  2.12073028e-01,
       -1.02738328e-02, -2.80735701e-01, -1.77397784e-02, -1.38468659e+00,
       -4.16256860e-03,  7.09598660e-01, -3.18468511e-02,  9.06026244e-01,
       -2.59823520e-02,  1.42089844e+00, -1.81936473e-02,  8.14652622e-01,
       -3.68542522e-02,  5.48715770e-01,  2.33724341e-03,  2.02433658e+00,
       -1.31853055e-02,  8.00666988e-01, -3.13079804e-02,  4.32164341e-01,
       -3.29880491e-02,  8.78893137e-02, -1.53325032e-02,  5.43559432e-01,
       -2.72609312e-02]
r100,ab3:
yes:
       [-1.22425944e-01,  1.51347027e+01,  9.07889748e+00,  1.31351452e+01,
        1.22980928e+00, -1.11077080e+01,  2.08263338e-01, -1.04192600e+01,
       -2.36160442e-01,  1.13890495e+01,  1.28954589e-01, -1.73429537e+00,
        9.76980031e-02, -1.05992956e+01, -2.04102639e-02, -6.92812157e+00,
        2.52816267e-02,  5.31482792e+00,  3.29129696e-02,  6.56236172e+00,
       -2.18442641e-04,  2.93682218e-01,  1.79669098e-03,  2.13445520e+00,
        6.01579100e-02, -2.91646695e+00, -3.61514203e-02, -5.04025269e+00,
       -8.56550932e-02,  3.35177600e-01,  5.75870927e-03, -8.71240973e-01,
        3.75595056e-02, -2.87018633e+00,  5.39850108e-02,  5.88056564e-01,
        1.09500498e-01,  9.02410746e-02,  6.12217560e-02, -5.60021162e-01,
        2.81479452e-02, -1.62432611e+00, -1.24564674e-02,  3.76059890e-01,
       -5.17793968e-02, -2.86358213e+00,  2.48951484e-02, -1.23312008e+00,
       -5.28925005e-03,  8.92260194e-01, -9.52543505e-03, -3.01521444e+00,
       -5.47826365e-02, -2.83680916e+00, -9.29382369e-02, -3.13833761e+00,
        4.01305854e-02, -4.66167450e+00, -1.40991220e-02, -1.13516176e+00,
        5.49138431e-03, -3.72079754e+00,  6.95230998e-03, -1.16674972e+00,
       -1.71313272e-03, -3.77718306e+00,  1.53023554e-02, -3.02765536e+00,
        1.05386237e-02, -7.85883856e+00, -1.15693714e-02, -4.37054491e+00,
       -4.62226495e-02, -1.62513256e+00, -1.59117609e-01, -2.75858521e+00,
        1.79179516e-02, -4.33394432e+00, -3.14030051e-02, -1.79406142e+00,
       -3.79560911e-03, -3.66246700e-01, -3.28841954e-02, -1.51914096e+00,
       -2.36360021e-02, -1.39650881e+00, -3.07060815e-02, -1.00080979e+00,
       -3.12630460e-02, -7.49315917e-01, -2.50500068e-02, -8.88324499e-01,
       -2.18820386e-02, -1.55822110e+00, -9.84057132e-03, -6.11360252e-01,
       -5.14570102e-02,  6.21504635e-02, -3.19371335e-02, -8.19813251e-01,
       -3.32459100e-02, -9.31358516e-01, -1.14427298e-01, -1.54273319e+00,
       -9.61360186e-02, -3.86250043e+00, -4.47209179e-02, -1.16351199e+00,
       -8.74994323e-02]
no:
       [-1.59194618e-01,  1.32321632e+00, -3.57406139e+00, -1.18828392e+01,
       -3.15766670e-02, -8.69868469e+00, -7.24399805e-01, -4.02301264e+00,
       -1.84179276e-01,  4.84634733e+00, -1.88702106e-01,  1.87350583e+00,
       -5.21556020e-01,  5.79375172e+00,  5.84362037e-02, -7.14408588e+00,
       -1.36348465e-02,  2.54558640e+01, -2.83977836e-02,  2.72124767e+00,
        1.95699725e-02,  3.80279684e+00, -5.04431166e-02, -1.53429842e+00,
        2.31082067e-02,  3.54424667e+00, -7.21777091e-03,  4.01071644e+00,
       -1.24845635e-02,  1.36709862e+01, -3.59216076e-03, -8.53486061e+00,
        1.65000686e-03, -5.93234444e+00,  5.85905276e-04,  9.45819855e-01,
       -8.11913311e-02,  7.13477230e+00,  2.14524508e-01,  3.80625904e-01,
        7.53983110e-03,  6.14396870e-01, -2.46449225e-02,  2.51019001e-01,
       -4.26396057e-02, -5.34484506e-01,  1.11219333e-02, -1.04983367e-01,
        1.05307937e-01,  2.47912788e+00, -4.83682491e-02,  6.10643864e-01,
        9.17998492e-04, -1.08488607e+00, -1.39324451e-02, -1.94915867e+00,
       -3.77174988e-02,  1.61516994e-01, -1.20772771e-03, -5.05988002e-01,
        3.32600996e-03, -1.40476894e+00, -1.02945399e-02, -2.51573348e+00,
        2.57000327e-02,  1.24800384e+00,  9.22878273e-03, -2.27573800e+00,
       -2.22347714e-02,  2.13577247e+00, -1.86905563e-02, -1.98266029e+00,
        2.46670712e-02, -2.29318333e+00,  3.56155373e-02,  4.34824154e-02,
       -5.04456647e-02,  4.00258303e-02, -7.16749951e-03,  2.29163542e-02,
       -1.73208863e-02,  1.24559440e-02, -7.28861336e-03,  1.33505603e-02,
       -3.32743973e-02,  2.45953072e-03, -1.92630887e-02,  1.42330118e-03,
       -6.48123771e-03, -1.11790141e-05, -5.57950558e-03,  1.11412286e-04,
       -2.87622102e-02, -1.57757313e-06, -2.16342639e-02,  6.58128556e-05,
       -1.37741659e-02,  1.41151395e-05, -1.48452595e-02,  1.16714218e-05,
       -1.35215940e-02,  0.00000000e+00, -1.06688109e-04,  0.00000000e+00,
       -1.49016734e-03,  0.00000000e+00, -2.83647794e-03,  0.00000000e+00,
       -7.37942196e-03]

every block
r110,ab2: x = [i for i in range(1, 56)] x=np.array(x)
yes:
[0.60434699, 0.69196749, 2.46633053, 2.85453844, 3.18236256,
       3.49101591, 3.64618587, 3.70919847, 3.7712388 , 3.75456572,
       3.96573257, 3.93605876, 4.14257956, 4.13242292, 4.10781002,
       4.20704746, 4.51523638, 4.60105181, 4.69087887, 1.50436926,
       1.92900515, 2.34970284, 3.15434551, 3.53225517, 3.66946793,
       3.84029198, 3.9495573 , 4.11446571, 4.16837645, 4.13291931,
       4.14849281, 4.03000879, 4.26874495, 4.25906372, 4.2200799 ,
       4.2379756 , 4.06761074, 1.4604435 , 1.41260827, 1.50124562,
       1.54256773, 1.55383134, 1.54521203, 1.55061734, 1.51893532,
       1.50110948, 1.5160203 , 1.49508309, 1.4996109 , 1.49345088,
       1.46809888, 1.43866956, 1.42873979, 1.60365009, 0.88043451]
no:
[ 0.62791181,  2.83858681,  6.52218199,  7.82588768,  8.43940067,
        8.82639694,  9.24847031,  9.73794937, 10.30513954, 10.75494576,
       11.08296967, 11.53138256, 12.27802181, 13.06970978, 14.02069855,
       14.87284565, 15.55401039, 15.92125511, 15.97061062,  2.80055094,
        5.48498154,  6.47746277,  7.01518679,  7.45768929,  7.76420164,
        7.99216604,  8.14510727,  8.22867107,  8.36602116,  8.44979477,
        8.45056152,  8.49586582,  8.60425282,  8.67586136,  8.80939198,
        8.85260296,  8.88306618,  1.06650829,  2.09144425,  2.46062517,
        2.64084959,  2.63829708,  2.52786326,  2.40353966,  2.25798416,
        2.08915901,  1.90482354,  1.73446703,  1.57192814,  1.41577053,
        1.26365554,  1.07593405,  0.91511017,  0.68339354,  0.54126233]
r100,ab3: x = [i for i in range(1, 54)] x=np.array(x)
yes:
[0.76929915, 1.77201533, 1.99733424, 2.24536943, 2.53667831,
       2.52320647, 2.53110266, 2.69102287, 2.68257713, 2.72938728,
       2.78912687, 2.8072052 , 2.75207901, 2.66560555, 2.5994072 ,
       2.67016172, 2.7967329 , 2.42170668, 2.59957933, 1.99117649,
       3.06870031, 2.9412868 , 2.78202534, 3.24581337, 3.33806753,
       3.43322849, 3.29594874, 3.42141581, 3.65340519, 3.60637856,
       3.59169579, 3.53577614, 3.53177261, 3.52963948, 3.2917366 ,
       2.8622489 , 1.56878376, 2.50573206, 2.23570442, 2.14962482,
       2.12200117, 2.18471169, 2.03010511, 2.09630919, 2.03199124,
       2.11409807, 2.03386545, 1.94929397, 1.83104014, 1.6764344 ,
       1.63023877, 1.92207527, 0.90932822]
no:
[ 1.97405982,  5.28281593,  7.06691074,  8.37389565,  8.75632668,
        8.83997822,  8.91033173,  8.9986763 ,  9.17499542,  9.51018238,
        9.90619564, 10.2541151 , 10.57423019, 10.92698669, 11.29927635,
       11.57715416, 11.68095016, 11.68669319, 11.63918495,  2.27514267,
        4.59047222,  5.05141926,  5.39189816,  5.80977154,  6.11510706,
        6.26710987,  6.46272707,  6.66970539,  6.89556789,  7.11042881,
        7.39915943,  7.59278297,  7.64285994,  7.63240385,  7.59868622,
        7.56796789,  0.98155606,  2.10460806,  2.29355717,  2.34945488,
        2.3395822 ,  2.25681257,  2.14534044,  1.99341857,  1.829512  ,
        1.6490947 ,  1.47666228,  1.31011236,  1.16069341,  0.99553609,
        0.81380379,  0.60691476,  0.46994978]

